,Text,Tags
1,STR STR ALPHANUM NUMSCNUMQSPNUMSCNUMNUM  ,['Item']
2,STR STR STR STR STR STR CHRCHRSHNUMNUMSH NUM ALPHANUM NUMSFSNUM NUMSFSNUM CURRENCY  ,['Item']
3,NUM NUM NUMSFSNUM STR NUM NUMNUM NUMSFSNUM CHR QSMX STR STR STR STR NUM  ,['Item']
4,STR STR NUMNUMSPECHR NUM NUM NUMSFSNUM NUMSFSNUM NUMSFSNUM CURRENCY  ,['Item']
5,STR STR STR STR SPSNUMNUMNUM NUM NUM NUMSFSNUM NUMSFSNUM NUMSFSNUM CURRENCY  ,['Item']
6,CHRCHRSCO ALPHANUM STR ALPHANUM NUM NUM NUMSFSNUM NUMSFSNUM NUMSFSNUM CURRENCY  ,['Item']
7,STR STR STR ALPHANUM NUMNUMNUMNUMNUMNUMNUMNUMNUMNUMNUMNUM NUM NUM NUMSFSNUM NUMSFSNUM CURRENCY  ,['Item']
8,STR STR STR CHRCHRCHRCHR NUMNUMNUMCHRCHR  ,['Item']
9,STR STR NUM NUMSFSNUM NUMSFSNUM NUMSFSNUM CURRENCY  ,['Item']
10,STR CHRCHRCHRCHRCHR STR NUMNUMNUMCHRCHR NUM NUM STR NUMSFSNUM NUMSFSNUM CURRENCY  ,['Item']
11,STR STR STR NUM NUMSFSNUM NUMSFSNUM NUMSFSNUM CURRENCY NUM STR  ,['Item']
12,NUM ALPHANUM STR STR STR STR STR STR NUM STR STR STR NUM QSMS STR NUMSFSNUM STR SPS NUMSFSNUMNUMSPECHRCHR NUMSFSNUM  ,['Item']
13,NUM NUM STR STR CURRENCYNUMSFSNUM  ,['Item']
14,NUM  STR CURRENCYNUMSFSNUM  ,['Item']
15,NUM CHRCHRSFS STR CURRENCYNUMSFSNUM  ,['Item']
16,NUM STR NUMSFSNUM  ,['Item']
17,NUM STR NUMSFSNUM  ,['Item']
18,NUM STR NUMSFSNUM  ,['Item']
19,STR STR STR CURRENCY NUMSFSNUM  ,['Item']
20,STR STR NUM NUMSFSNUM  ,['Item']
21,STR STR CURRENCYNUMSFSNUM  ,['Item']
22,NUM STR CURRENCYNUM  ,['Item']
23,NUM STR STR CURRENCYNUMSFSNUM  ,['Item']
24,NUM STR STR CURRENCYNUMSFSNUM  ,['Item']
25,NUM STR STR CURRENCYNUMSFSNUM  ,['Item']
26,NUM STR STR CURRENCYNUMSFSNUM  ,['Item']
27,STR STR CURRENCYNUMSFSNUM  ,['Item']
28,STR STR STR CURRENCYNUMSFSNUM  ,['Item']
29,STR SH STR CURRENCYNUMSFSNUM  ,['Item']
30,STR SH STR CURRENCYNUMSFSNUM  ,['Item']
31,STR SH STR CURRENCYNUMSFSNUM  ,['Item']
32,NUM STR STR SH STR  ,['Item']
33,STR STR CURRENCYNUMSFSNUM  ,['Item']
34,STR STR CURRENCYNUMSFSNUM  ,['Item']
35,STR SH STR CURRENCYNUMSFSNUM  ,['Item']
36,NUM STR STR CURRENCY NUMSFSNUM  ,['Item']
37,NUM STR STR NUMSFSNUM  ,['Item']
38,STR STR NUM QSMX NUMSFSNUM NUMSFSNUM CURRENCY  ,['Item']
39,NUM STR STR STR STR  ,['Item']
40,STR STR NUM NUMSFSNUM  ,['Item']
41,NUM STR STR STR STR  ,['Item']
42,NUM STR STR SPSCHRCHRCHRCHRCHRSPE NUMSFSNUM  ,['Item']
43,NUM STR STR SPSCHRCHRCHRCHRSPE NUMSFSNUM  ,['Item']
44,NUM STR STR NUMSFSNUM  ,['Item']
45,STR STR STR CURRENCYNUMSFSNUM  ,['Item']
46,STR CHRCHRCHRCHRCHRCHRCHRCHRCHR CURRENCYNUMSFSNUM  ,['Item']
47,STR  CHRCHRCHRCHRCHRCHRCHRCHR CURRENCYNUMSFSNUM  ,['Item']
48,STR STR CURRENCYNUMSFSNUM  ,['Item']
49,STR STR STR  ,['Item']
50,STR STR  ,['Item']
51,STR STR STR  ,['Item']
52,NUM STR STR STR STR CURRENCYNUMSFSNUM  ,['Item']
53,NUM STR STR STR STR SPSCHRSPE CURRENCYNUMSFSNUM  ,['Item']
54,NUM STR STR SPSNUMSPE CURRENCYNUMSFSNUM  ,['Item']
55,STR CHRCHRCHRCHRCHR NUMSFSNUM  ,['Item']
56,STR STR STR  ,['Item']
57,STR STR  ,['Item']
58,STR  STR  ,['Item']
59,NUMNUMNUM STR STR  ,['Item']
60,STR SPSNUMNUMCURRENCYNUMSFSNUMNUMSPE  ,['Item']
61,NUMNUMNUM STR STR CHRCHRCHRCHRCHRCHRCHR NUMQSMSQSMSQSMSQSMS CHRCHRCHRCHR STR CHRCHRCHRCHR  ,['Item']
62,NUMNUMNUM STR STR STR CHRCHRCHRCHRCHRCHRCHR NUMQSMSQSMS CHRCHRCHRCHR STR CHRCHRCHRCHR CURRENCYNUM  ,['Item']
63,NUM NUMNUMSFSCHRCHRCHRCHR STR CURRENCYNUMSFSNUM  ,['Item']
64,NUM NUMNUMSFSCHRCHRCHRCHRCHRCHR CURRENCYNUMSFSNUM  ,['Item']
65,NUM NUMSFS STR STR NUMSFSNUM CURRENCY  ,['Item']
66,NUM STR STR SCO NUMSFSNUM  ,['Item']
67,NUM STR STR STR NUMSFSNUM  ,['Item']
68,NUM STR NUMSFSNUM  ,['Item']
69,NUM STR STR NUMNUMSCNUMNUM  ,['Item']
70,STR STR NUMSFSNUM  ,['Item']
71,STR STR NUMSFSNUM  ,['Item']
72,STR STR STR NUMSFSNUM  ,['Item']
73,STR STR STR NUMSFSNUM  ,['Item']
74,STR NUMSFSNUM  ,['Item']
75,STR SH STR NUMSFSNUM  ,['Item']
76,NUM STR STR SH STR NUMSFSNUM  ,['Item']
77,NUM STR STR SFSNUM  ,['Item']
78,STR STR NUMSFSNUM  ,['Item']
79,STR STR NUMSFSNUM  ,['Item']
80,NUM STR STR NUMSFSNUM  ,['Item']
81,NUM STR STR NUM  ,['Item']
82,NUM STR STR NUM  ,['Item']
83,NUM STR STR SHNUMNUM  ,['Item']
84,NUM CURRENCY STR STR STR NUM  ,['Item']
85,NUM STR NUMSFSNUM  ,['Item']
86,NUM STR STR STR STR NUMSFSNUM  ,['Item']
87,NUM STR STR STR  ,['Item']
88,NUM STR STR STR NUMSFSNUM  ,['Item']
89,STR STR STR STR CHRCHRCHRCHRCHRQSSCHR STR STR STR STR STR STR  ,['Item']
90,STR CHRCHRCHRCHRCHRCHRSFS NUMSFSNUM  ,['Item']
91,NUM STR STR  STR STR NUMSFSNUM  ,['Item']
92,NUM STR STR NUMSFSNUM  ,['Item']
93,NUM STR STR  STR STR CHRNUMNUMNUMSPE  ,['Item']
94,NUM STR CURRENCYNUMSFSNUM  ,['Item']
95,NUM STR CURRENCYNUMSFSNUM  ,['Item']
96,NUM STR CURRENCYNUMSFSNUM  ,['Item']
97,NUM STR STR STR STR CURRENCYNUMSFSNUM  ,['Item']
98,NUM STR STR STR CURRENCYNUMSFSNUM  ,['Item']
99,NUM STR CURRENCYNUMSFSNUM  ,['Item']
100,NUM STR STR CURRENCYNUMSFSNUM  ,['Item']
101,NUM CHRQSS NUM STR CURRENCYNUMSFSNUM  ,['Item']
102,STR  STR STR STR SPSCHRCHRSPENUM NUMSFSNUM  ,['Item']
103,NUM STR STR CURRENCYNUMSFSNUM  ,['Item']
104,NUM STR CURRENCYNUMSFSNUM  ,['Item']
105,NUM STR STR CURRENCYNUMSFSNUM STR STR STR STR STR STR STR  ,['Item']
106,NUM STR STR STR CURRENCYNUMSFSNUM STR STR  ,['Item']
107,NUM STR STR STR STR CURRENCYNUMSFSNUM STR STR  ,['Item']
108,NUM STR NUMSFSNUM QSMSNUMSFSNUMNUM  ,['Item']
109,NUM CHRCHRCHRCHRSHCHRCHRCHRCHR NUMSFSNUM NUMSFSNUM  ,['Item']
110,STR STR NUMSFSNUM QSMSNUMSFSNUMNUM  ,['Item']
111,STR STR CURRENCYNUMSFSNUMNUM  ,['Item']
112,STR STR CURRENCYNUMSFSNUM  ,['Item']
113,STR STR CURRENCYNUMSFSNUMNUM  ,['Item']
114,STR STR CURRENCYNUMSFSNUM  ,['Item']
115,STR STR CURRENCYNUMSFSNUMNUM  ,['Item']
116,STR CURRENCYNUMSFSNUMNUM  ,['Item']
117,STR NUMSFSNUM  ,['Item']
118,STR STR NUMSFSNUM  ,['Item']
119,STR STR NUMSFSNUM  ,['Item']
120,STR STR STR NUMSFSNUM  ,['Item']
121,STR STR CHRCHRCHRCHRCHRNUMNUMSFSNUMNUM STR  ,['Item']
122,NUM STR STR CURRENCYNUMSFSNUM  ,['Item']
123,STR STR ALPHANUM CURRENCY NUMSFSNUM  ,['Item']
124,STR NUM STR ALPHANUM CURRENCYNUMSFSNUM  ,['Item']
125,STR STR  NUM CURRENCYNUMSFSNUM STR SPSCURRENCYNUMSFSNUMNUM CHRCHRCHRCHRSPE  ,['Item']
126,STR STR CURRENCYNUMSFSNUM STR CURRENCYNUMSFSNUM  ,['Item']
127,STR STR SPSCURRENCYNUMSFSNUMNUMSPE STR ALPHANUM CURRENCYNUMSFSNUM SPSCURRENCYNUMSFSNUMNUM CHRCHRCHRCHRSPE  ,['Item']
128,STR STR STR SPSCURRENCYNUMSFSNUMNUMSPE  ,['Item']
129,STR STR CURRENCYNUMSFSNUM  ,['Item']
130,NUM  STR STR NUMSFSNUM  ,['Item']
131,NUM STR STR STR NUMSFSNUM  ,['Item']
132,NUM CHRCHRCHRCHRCHRCHRCHR CHRCHRCHRCHRCHRCHRCHRCHR NUMSFSNUM  ,['Item']
133,NUM STR STR NUMSFSNUM  ,['Item']
134,NUM STR STR STR NUMSFSNUM  ,['Item']
135,NUM STR STR ALPHANUM  ,['Item']
136,NUM STR STR NUMSFSNUM  ,['Item']
137,NUM STR STR CURRENCY NUMSFSNUM CURRENCYNUMSFSNUM  ,['Item']
138,NUM STR STR CURRENCYNUMSFSNUM CURRENCYNUMSFSNUM  ,['Item']
139,STR NUMSFSNUM  ,['Item']
140,STR STR NUMSFSNUM  ,['Item']
141,CHRCHRCHRCHRCHRCHRCHRCHR STR NUMSFSNUM  ,['Item']
142,CHRCHRCHR STR NUMSFSNUM  ,['Item']
143,STR STR STR NUMSFSNUM  ,['Item']
144,NUMSFSNUM STR NUMSFSNUM  ,['Item']
145,NUMSFSSFSCHRCHRCHRCHR STR STR NUMSFSNUM  ,['Item']
146,NUMSFSSFSCHRCHRCHRCHRCHRCHRCHR STR NUMSFSNUM  ,['Item']
147,NUMSFSSFSCHRCHRCHRCHRCHRCHRCHR STR NUMSFSNUM  ,['Item']
148,NUMSFS SFSCHRCHRCHRCHRCHRCHR NUMSFSNUM  ,['Item']
149,NUMSFSSFSQSMSCHRCHRCHRCHRCHRCHRCHRCHR STR NUMSFSNUM  ,['Item']
150,NUMSFSSFSNUMCHRCHRCHR STR NUMSFSNUM  STR STR  ,['Item']
151,NUMNUMSHCHRSFSCHRSFSCHRSFSCHRSFS SH STR STR STR  ,['Item']
152,NUM STR STR CURRENCYNUMSFSNUM STR CURRENCYNUMSFSNUM  ,['Item']
153,NUM STR STR STR CURRENCYNUMSFSNUM STR STR CURRENCYNUMSFSNUM STR CURRENCYNUMSFSNUM  ,['Item']
154,NUM STR STR STR CURRENCYNUMSFSNUM STR STR STR  ,['Item']
155,NUM STR CURRENCYNUMSFSNUM  ,['Item']
156,NUM STR STR CURRENCYNUMSFSNUM STR STR STR STR  ,['Item']
157,NUM STR STR CURRENCYNUMSFSNUM  ,['Item']
158,NUM STR CHRCHRCHRCHRCHRCHRCHRCHRCHRQSMS CURRENCYNUMSFSNUM NUM  ,['Item']
159,NUM STR STR STR STR QSMS CURRENCYNUMSFSNUM  ,['Item']
160,NUM STR STR CHRQSS STR CURRENCYNUMSFSNUM  ,['Item']
161,NUM CHRCHRCHRCHRCHRCHRCHRCHRCHRCHRQSSCHRCHRCHRCHRQSSCHRCHRCHR CURRENCYNUMSFSNUM  ,['Item']
162,NUM CHRCHRCHRCHRCHRCHRCHRCHRQSMS CURRENCYNUMSFSNUM  ,['Item']
163,NUM STR CHRCHRCHRCHRCHRCHRCHRCHR STR CURRENCYNUMSFSNUM  ,['Item']
164,NUM STR STR STR STR NUMSFSNUM  ,['Item']
165,NUM STR STR NUMSFSNUM STR STR STR CHRSFSCHRCHRCHRCHR NUMSFSNUM  ,['Item']
166,NUM STR STR NUMSFSNUM STR STR STR CHRSFSCHRCHRCHRCHR NUMSFSNUM  ,['Item']
167,NUM STR STR NUMSFSNUM STR STR STR CHRSFSCHRCHRCHRCHR NUMSFSNUM  ,['Item']
168,NUM STR STR NUMSFSNUM  ,['Item']
169,NUM STR STR NUMSFSNUM  ,['Item']
170,NUM STR STR QSMSQSMSQSMSCHRNUM CHRQSMSQSMSQSMS NUMSCNUMNUM STR ALPHANUM  ,['Item']
171,NUM STR STR STR NUMSFSNUM NUMSFSNUM  ,['Item']
172,NUM STR STR STR SPSNUMSHNUMCHRSPE NUMSFSNUM  ,['Item']
173,NUM STR STR STR SPSNUMSHNUMNUMSPE  ,['Item']
174,NUM STR STR CHRCHRCHRCHRSPE STR  ,['Item']
175,NUM STR STR STR NUMSFSNUM  ,['Item']
176,STR STR SPSNUM NUMNUMSFSNUMNUMSPE NUMSFSNUM STR STR STR  ,['Item']
177,STR STR NUMSFSNUM  ,['Item']
178,STR  STR STR NUMSFSNUM  ,['Item']
179,STR STR SPSNUM NUMNUMSFSNUMNUMSPE NUMSFSNUM STR STR STR  ,['Item']
180,STR STR NUMSFS NUM  ,['Item']
181,STR STR STR NUMSFSNUM  ,['Item']
182,STR STR STR NUMSFSNUM  ,['Item']
183,STR STR ALPHANUM NUMSFSNUM  ,['Item']
184,NUM STR STR CURRENCYNUMSFSNUM  ,['Item']
185,NUM STR STR CURRENCYNUMSFS NUM  ,['Item']
186,NUM STR STR CURRENCYNUMSFS NUM  ,['Item']
187,NUM STR STR CURRENCYNUMSFS NUM  ,['Item']
188,NUM STR STR CURRENCYNUMSFS NUM  ,['Item']
189,NUM STR CURRENCYNUMSFS NUM  ,['Item']
190,NUM STR STR STR CURRENCYNUMSFS NUM  ,['Item']
191,NUM STR CURRENCYNUMSFS NUM  ,['Item']
192,NUM STR STR SPSCURRENCYNUMNUMNUMNUMSPE  ,['Item']
193,NUM STR STR STR NUMSFSNUM  ,['Item']
194,NUM STR ALPHANUM STR NUMSFSNUM   ,['Item']
195,NUM STR ALPHANUM STR NUMSFSNUM  ,['Item']
196,NUM STR NUMSFSNUM  ,['Item']
197,STR STR CHRCHRSFS CURRENCYNUMSFSNUM   ,['Item']
198,STR SPSCURRENCYNUMSFSNUMNUMSPE  ,['Item']
199,STR CURRENCYNUMSFSNUM  ,['Item']
200,STR STR STR STR CURRENCYNUMSFSNUM  ,['Item']
201,STR CURRENCYNUMSFSNUM  ,['Item']
202,NUM STR STR NUMSFSNUM  ,['Item']
203,NUM NUMSFS STR STR STR NUMSFSNUM  ,['Item']
204,CHRCHRCHRCHR  ,['Item']
205,NUM STR QSS STR STR NUMSFSNUM  ,['Item']
206,NUM NUMSFS STR STR STR STR NUMSFSNUM CHRCHRCHRCHR  ,['Item']
207,NUM STR QSS STR STR STR STR NUMSFSNUM STR  ,['Item']
208,NUM STR STR CURRENCYNUMSFSNUM  ,['Item']
209,STR CURRENCYNUMSFSNUM  ,['Item']
210,STR CURRENCYNUMSFSNUM  ,['Item']
211,STR CURRENCYNUMSFSNUM  ,['Item']
212,STR CHRCHRCHRCHRCHRCHRSCO CURRENCYNUMSFSNUM  ,['Item']
213,STR STR CURRENCYNUMSFSNUM  ,['Item']
214,STR CURRENCYNUMSFSNUM  ,['Item']
215,STR CURRENCYNUMSFSNUM  ,['Item']
216,CHRCHRCHRCHRCHRCHRCHRCHR STR CURRENCYNUMSFSNUM  ,['Item']
217,STR STR SPSNUMSFSNUMNUMSPE CHRCHRCHRSFSNUMCHR  ,['Item']
218,STR STR CURRENCYNUMSFSNUM  ,['Item']
219,STR CURRENCYNUMSFSNUM  ,['Item']
220,NUM STR STR NUMSFSNUM  ,['Item']
221,NUM STR NUMSFSNUM  ,['Item']
222,NUM STR STR NUMSFSNUM  ,['Item']
223,NUM  NUM STR STR NUMSFSNUM  ,['Item']
224,NUM STR CURRENCYNUMSFSNUM STR  ,['Item']
225,NUM STR CURRENCYNUMSFSNUM  ,['Item']
226,NUM STR CURRENCYNUMSFSNUM  ,['Item']
227,NUM STR STR NUM STR NUMSCNUMNUM STR STR  ,['Item']
228,NUM STR STR STR NUMSFSNUM  ,['Item']
229,NUM NUMSHCHRCHRCHRCHRCHR STR NUMSFSNUM STR STR STR STR  ,['Item']
230,ALPHANUM STR STR ALPHANUM STR  ,['Item']
231,NUM STR STR NUMSFSNUM  ,['Item']
232,NUM STR STR CURRENCYNUMSFSNUM  ,['Item']
233,NUM STR STR CURRENCYNUMSFSNUM  ,['Item']
234,NUM STR STR CURRENCYNUMSFSNUM  ,['Item']
235,NUM STR CURRENCYNUMSFSNUM  ,['Item']
236,STR CURRENCYNUMSFSNUM  ,['Item']
237,STR CURRENCYNUMSFSNUM  ,['Item']
238,STR CURRENCYNUMSFSNUM  ,['Item']
239,STR STR CURRENCYNUMSFSNUM  ,['Item']
240,STR CURRENCYNUMSFSNUM  ,['Item']
241,STR CURRENCYNUMSFSNUM  ,['Item']
242,NUM STR CHRCHRCHRSFS NUMSFSNUMSFS  STR STR  STR STR  ,['Item']
243,NUM STR STR NUMSFSNUM  ,['Item']
244,ALPHANUM STR STR  ,['Item']
245,NUM STR STR CHRSHCHRCHRCHR STR NUMSFSNUM  ,['Item']
246,NUM STR  ,['Item']
247,NUM STR STR STR  ,['Item']
248,NUM NUM STR NUMSFSNUM  ,['Item']
249,NUM STR STR STR STR NUMSFSNUM  ,['Item']
250,NUM STR STR STR NUMSFSNUM  ,['Item']
251,ALPHANUM STR STR NUMSFSNUM  ,['Item']
252,ALPHANUM STR STR NUMSFSNUM  ,['Item']
253,STR STR CURRENCYNUMSFSNUM  ,['Item']
254,NUM STR STR STR CHRQSS NUMSFSNUM NUM STR  ,['Item']
255,NUM STR STR NUMSFSNUM  ,['Item']
256,NUM STR NUMSFSNUM  ,['Item']
257,NUM STR STR NUM STR NUMSFSNUM  ,['Item']
258,NUM STR NUMSFSNUM  ,['Item']
259,NUM STR NUMSFSNUM  ,['Item']
260,NUM STR STR NUMSFSNUM  ,['Item']
261,NUM STR STR NUMSFSNUM  ,['Item']
262,NUM STR STR NUMNUMSCNUMNUM  ,['Item']
263,NUM STR STR CHRSFS CURRENCYNUMSFSNUM STR STR CHRSFS  ,['Item']
264,NUM CHRCHRSH STR STR CURRENCYNUMSFSNUM  ,['Item']
265,NUM STR STR STR CHRSFS STR CURRENCYNUMSFSNUM  ,['Item']
266,NUM STR CHRSFS STR STR CURRENCYNUMSFSNUM  ,['Item']
267,NUMSFS STR STR SPSCHRSPE CURRENCYNUMSFSNUM  ,['Item']
268,NUM STR CHRSFS STR STR  STR CURRENCYNUMSFSNUM  ,['Item']
269,NUM STR STR CURRENCYNUMSFSNUM  ,['Item']
270,NUM STR STR STR CURRENCYNUMSFSNUM  ,['Item']
271,NUM STR STR CURRENCYNUMSFSNUM  ,['Item']
272,NUM STR STR STR CURRENCYNUMSFSNUM  ,['Item']
273,STR STR NUM NUMSFSNUM  ,['Item']
274,STR NUM NUMSFSNUM  ,['Item']
275,NUM QSS STR NUMSFSNUM  ,['Item']
276,NUMNUMQSS STR NUMSFSNUM  ,['Item']
277,NUM STR STR NUMSFSNUM  ,['Item']
278,NUM STR NUMSFSNUM  ,['Item']
279,NUM STR NUMSFSNUM  ,['Item']
280,NUM STR NUMSFSNUM  ,['Item']
281,NUM NUMNUMQSSCHRCHR STR NUMSFSNUM  ,['Item']
282,NUM NUMNUMQSS STR NUMSFSNUM  ,['Item']
283,NUM STR QSS STR NUMSFSNUM  ,['Item']
284,STR  NUM CURRENCYNUMSFSNUM  ,['Item']
285,CHRCHRCHRSHCHRSHCHRCHRCHRCHRCHR CURRENCYNUMSFSNUMSFS  ,['Item']
286,NUMNUMQSP STR STR SPE CURRENCYNUMSFSNUM  ,['Item']
287,STR STR NUMNUMNUM STR NUMSCNUMNUM QSMX NUM STR NUMSCNUMNUM STR STR CHRCHRSFSSCO NUM STR CHRCHRSFSSCO NUM  ,['Item']
288,STR STR CHRCHRCHRCHRCHRCHRCHRCHRCHRNUMSCNUMNUM QSMX NUM STR NUMSCNUMNUM STR STR CHRCHRSFSSCO NUM STR CHRCHRSFSSCO NUM  ,['Item']
289,STR STR NUMNUMNUM NUMNUMSCNUMNUM QSMX NUM STR NUMNUMSCNUMNUM STR STR CHRCHRSFSSCO NUM STR CHRCHRSFSSCO NUM  ,['Item']
290,STR STR STR STR STR NUMNUMSCNUMNUM QSMX NUM STR NUMNUMSCNUMNUM STR STR CHRCHRSFSSCO NUM STR CHRCHRSFSSCO NUM  ,['Item']
291,STR STR STR STR  NUMNUMSCNUMNUM QSMX NUM STR NUMNUMSCNUMNUM STR STR CHRCHRSFSSCO NUM STR CHRCHRSFS NUM  ,['Item']
292,STR STR STR STR NUMSCNUMNUM QSMX NUM STR NUMSCNUMNUM STR STR CHRCHRSFSSCO NUM STR CHRCHRSFSSCO NUM  ,['Item']
293,STR STR STR ALPHANUM STR NUMNUMSCNUMNUM QSMX NUM STR NUMNUMSCNUMNUM STR STR CHRCHRSFSSCO NUM STR CHRCHRSFSSCO NUM  ,['Item']
294,STR STR STR NUM STR NUMSCNUMNUM QSMX NUM STR NUMSCNUMNUM STR STR CHRCHRSFSSCO NUM STR CHRCHRSFS SCO NUM  ,['Item']
295,ALPHANUM STR NUMSFSNUMCHRSFSCHR QSMS CHRCHRCHRCHRCHRSFS CHRCHRSFS NUMSCNUMNUM STR STR NUMSCNUMNUMNUM CHR QSMX NUMSCNUMNUMCHRCHRCHRQSSCHR  ,['Item']
296,ALPHANUM STR CHRCHRCHRCHRCHRCHRCHRCHRCHRCHRCHRCHRCHR ALPHANUM NUMSCNUMNUMNUM STR QSMX NUMSCNUMNUMCHRCHRCHRQSSCHRCHR NUMSCNUMNUM STR  ,['Item']
297,ALPHANUM STR STR STR STR CHRCHRCHRCHRCHRNUMNUMQSP NUMSFSNUM STR NUMSCNUMNUMNUM STR  NUMNUMSCNUMNUM CHRCHRCHRQSSCHRCHR NUMNUMSCNUMNUM STR  ,['Item']
298,NUM CHRCHRCHRCHRCHRCHRCHRCHRCHRCHRCHRCHRCHRNUMNUMCHRCHRNUMSFSNUMNUMNUMCHR ALPHANUM NUMSCNUMNUMNUM STR QSMXNUMSCNUMNUMCHRCHRCHR QSS STR NUMSFSNUM STR  ,['Item']
299,NUM STR STR ALPHANUM NUM STR NUMSCNUMNUMNUM STR QSMX NUMSCNUMNUMCHRCHRCHRQSSCHRCHR NUMSCNUMNUM STR  ,['Item']
300,ALPHANUM STR CHRCHRCHRCHRCHR ALPHANUM STR QSMS STR CHRCHRSFS NUMSFSNUM CHR QSMX NUMSCNUMNUMCHRCHRCHRQSSCHR NUMSCNUMNUM STR  ,['Item']
301,ALPHANUM STR CHRCHRCHRCHRCHRCHRCHR STR ALPHANUM STR SPSCHRCHRCHRSPE NUMNUMSCNUMNUMNUM STR QSMX NUMSCNUMNUMCHRCHRCHRQSSCHRCHR NUMSCNUMNUM STR  ,['Item']
302,ALPHANUM STR CHRSFS ALPHANUM NUMSPSCHRCHRCHRSPE NUMSCNUMNUMNUM STR QSMX NUMSCNUMNUMCHRCHRCHRQSSCHRCHR NUMSCNUMNUM STR  ,['Item']
303,ALPHANUM STR STR STR NUMSCNUMNUMNUM STR QSMX NUMSCNUMNUMCHRCHRCHRQSSCHRCHR NUMSCNUMNUM STR  ,['Item']
304,ALPHANUM STR CHRCHRCHRCHRCHRCHRCHRNUMNUMQSPNUMSFSNUM STR NUMSCNUMNUMNUM STR QSMX NUMSCNUMNUMCHRCHRCHRQSSCHRCHR NUMSCNUMNUM STR  ,['Item']
305,ALPHANUM STR STR STR STR NUMNUMQSPNUMCHR NUMSCNUMNUMNUM STR QSMX NUMSCNUMNUMCHRCHRCHRQSSCHRCHR NUMSCNUMNUM STR  ,['Item']
306,ALPHANUM STR STR CHRCHRCHRCHR STR STR STR STR ALPHANUM NUMSCNUMNUMNUM STR QSMX NUMSCNUMNUMCHRCHRCHRQSSCHRCHR NUMSCNUMNUM STR  ,['Item']
307,ALPHANUM STR STR STR STR STR STR ALPHANUM NUMSCNUMNUMNUM STR QSMX NUMSCNUMNUMCHRCHRCHRQSSCHRCHR NUMSCNUMNUM STR  ,['Item']
308,ALPHANUM STR STR STR STR ALPHANUM NUMSCNUMNUMNUM STR QSMX NUMSCNUMNUMCHRCHRCHRQSSCHRCHR NUMSCNUMNUM STR  ,['Item']
309,ALPHANUM STR STR STR STR STR ALPHANUM NUMSCNUMNUMNUM STR QSMX NUMSCNUMNUMCHRCHRCHRQSSCHRCHR NUMSCNUMNUM STR  ,['Item']
310,ALPHANUM STR ALPHANUM NUMSCNUMNUMNUM STR QSMX NUMSCNUMNUMCHRCHRCHRQSSCHRCHR NUMSCNUMNUM STR  ,['Item']
311,ALPHANUM STR STR STR CHRCHRCHRCHRCHRCHRCHRNUMSFSNUM CHRSPSCHRCHRCHRSPE NUMSCNUMNUMNUM STR QSMX NUMSCNUMNUMCHRCHRCHRQSSCHRCHR NUMSCNUMNUM STR  ,['Item']
312,ALPHANUM STR STR STR NUMSCNUMNUMNUM STR QSMX NUMNUMNUMCHRCHRCHRQSSCHRCHR NUMSCNUMNUM  ,['Item']
313,ALPHANUM STR STR STR STR STR STR ALPHANUM NUMSCNUMNUMNUM STR QSMX NUMSCNUMNUMCHRCHRCHRQSSCHRCHR NUMSCNUMNUM STR  ,['Item']
314,ALPHANUM STR STR STR STR NUM ALPHANUM ALPHANUM ALPHANUM NUMSCNUMNUMNUM STR QSMX NUMSCNUMNUMCHRCHRCHRQSSCHRCHR NUMSCNUMNUM STR  ,['Item']
315,ALPHANUM STR STR STR STR ALPHANUM NUMSCNUMNUMNUM STR QSMX NUMSCNUMNUMCHRCHRCHRQSSCHRCHR NUMSFSNUM STR  ,['Item']
316,ALPHANUM STR STR STR CHRCHRCHRCHRSFSNUMNUMSCNUMNUMSCNUM STR NUM CHRCHRSFS NUMSCNUMNUMNUM STR QSMX NUMSCNUMNUMCHRCHRCHRQSSCHR NUMSFSNUM  ,['Item']
317,ALPHANUM STR STR STR ALPHANUM NUMSCNUMNUMNUM STR QSMX NUMSCNUMNUMCHRCHRCHRQSSCHRCHR NUMSCNUMNUM STR  ,['Item']
318,ALPHANUM STR ALPHANUM  NUM  NUM ALPHANUM CHRCHRSFS NUMSCNUMNUMNUM CHRCHRCHRCHRCHRSFS QSMX NUMSCNUMNUMCHRCHRCHRQSSCHRCHRCHRCHRCHRSFS NUMSCNUMNUM STR  ,['Item']
319,ALPHANUM STR NUMSFSNUMCHRSFSCHR QSMS CHRCHRCHRCHRCHRCHRCHRSFS  STR NUMSCNUMNUMNUM CHR QSMX NUMSCNUMNUMCHRCHRCHRQSSCHR NUMSCNUMNUM STR  ,['Item']
320,ALPHANUM STR STR ALPHANUM ALPHANUM CHRCHRCHRCHRCHRCHRCHRCHRCHRCHRCHRCHRCHRNUMSFS ALPHANUM STR NUMSCNUMNUMNUM STR QSMX NUMSCNUMNUMCHRCHRCHRQSSCHRCHR NUMSCNUMNUM STR  ,['Item']
321,ALPHANUM STR STR CHRCHRCHRCHRCHRCHRCHRCHRCHRCHRCHRCHRCHR ALPHANUM STR NUMSCNUMNUMNUM STR QSMX NUMSCNUMNUMCHRCHRCHRQSSCHRCHR NUMSCNUMNUM STR  ,['Item']
322,ALPHANUM CHRCHRCHRCHRCHRCHRCHRCHRCHRCHRCHRCHRCHRNUMNUMCHRCHRNUMSFSNUMNUMNUMCHR ALPHANUM NUMSCNUMNUMNUM STR QSMX NUMSCNUMNUMCHRCHRCHRQSSCHRCHR NUMSCNUMNUM STR  ,['Item']
323,NUMSFS NUM STR STR STR STR QSS STR ALPHANUM NUM STR  NUMSFSNUM STR  ,['Item']
324,NUMSFS NUM STR STR QSS STR ALPHANUM STR ALPHANUM  NUMSFSNUM STR  ,['Item']
325,NUMSFS NUM STR STR QSS STR NUMNUMNUMSPSNUMNUMNUMSHNUM NUM SPE NUMNUMNUMCHRCHRQSSNUMNUM CHRCHRCHRCHRSFS QSSNUMNUMSFSNUMNUM NUM STR  NUMSFSNUM STR  ,['Item']
326,NUMSFS NUM STR STR QSS ALPHANUM STR STR NUM STR  NUMSFSNUM STR  ,['Item']
327,NUMSFS NUM STR STR STR STR NUM QSS STR STR NUM STR NUM NUMSFSNUM STR  NUMSFSNUM  NUMSFSNUM ALPHANUM  ,['Item']
328,NUMSFS NUM STR STR QSS STR STR STR  NUMSFSNUM  NUMSFSNUM STR  ,['Item']
329,NUMSFS NUM STR STR NUMNUMNUMQSSCHRCHRCHR NUM QSS STR ALPHANUM NUMSFSNUM CHR  NUMSFSNUM  NUMSFSNUM STR  ,['Item']
330,NUMSFS NUM STR CHRCHRCHRCHRCHRCHRCHR STR CHRCHRCHRSFS QSS STR STR ALPHANUM NUM STR QSMX NUMSFSNUM STR  ,['Item']
331,NUMSFS NUM CHRCHRCHRCHRSFS STR NUMNUMQSPNUMCHR NUM STR  NUMSFSNUM STR  ,['Item']
332,NUMSFS NUM CHRCHRCHRCHRSFS CHRSFSCHRCHRCHRCHRCHRCHR STR NUM STR  NUMSFSNUM STR  ,['Item']
333,STR STR STR STR STR STR ALPHANUM NUM STR QSMX NUMSCNUMNUM CURRENCY NUMSCNUMNUM STR  ,['Item']
334,STR STR STR NUM ALPHANUM STR STR NUM STR QSP NUMSCNUMNUM CURRENCY NUMSCNUMNUM STR CHRCHRCHRSFS SHNUMSCNUMNUM STR STR NUMSCNUMNUM  ,['Item']
335,STR STR STR ALPHANUM NUM STR QSMX NUMSCNUMNUM CURRENCY NUMSCNUMNUM STR  ,['Item']
336,STR STR NUM STR QSMX NUMSCNUMNUM CURRENCY NUMSFSNUM STR  ,['Item']
337,STR CHRCHRCHRCHRCHRNUMNUMNUMNUMNUMNUMCHRCHR NUM STR QSMX NUMSCNUMNUM CURRENCY NUMSCNUMNUM STR  ,['Item']
338,STR STR STR STR ALPHANUM NUM STR QSMX NUMSCNUMNUM CURRENCY NUMSCNUMNUM STR  ,['Item']
339,STR STR STR STR ALPHANUM NUM STR QSMX NUMSCNUMNUM CURRENCY NUMSCNUMNUM STR  ,['Item']
340,STR STR STR NUMSCNUMQSPNUMSCNUMNUM NUM STR QSMX NUMSCNUMNUM CURRENCY NUMSCNUMNUM STR  ,['Item']
341,STR STR ALPHANUM NUM STR QSMX NUMSCNUMNUM CURRENCY NUMSCNUMNUM STR  ,['Item']
342,STR CHRCHRCHRSFSCHRCHRCHRCHRSFS STR CHRCHRCHRCHRSFSCHRCHRCHRCHRCHRCHRCHR NUM STR NUM STR QSMX NUMSCNUMNUM CURRENCY NUMSCNUMNUM STR  ,['Item']
343,STR CHRCHRCHRCHRCHRCHRCHRCHR STR STR ALPHANUM NUM STR QSMX NUMSCNUMNUM CURRENCY NUMSCNUMNUM STR  ,['Item']
344,STR STR NUMSFSCHRCHRCHRCHRCHR CHR  NUMSCNUMNUMNUM CHR QSMX NUMSCNUMNUM CHRCHRCHRQSSCHR NUMSCNUMNUM STR  ,['Item']
345,STR CHR NUMSCNUMNUMNUM CHR QSMX NUMSCNUMNUM CHRCHRCHRQSSCHR NUMSCNUMNUM STR  ,['Item']
346,STR STR NUMSCNUMNUMNUM CHR QSMX NUMSCNUMNUM CHRCHRCHRQSSCHR NUMSCNUMNUM STR  ,['Item']
347,STR STR CHRCHRCHRCHRCHRCHRCHRCHRCHRCHR NUMSCNUMQSPNUMSCNUMCHR NUM STR QSMX NUMSCNUMNUM CURRENCY NUMSCNUMNUM STR  ,['Item']
348,STR STR NUM STR QSMX NUMSCNUMNUM CURRENCY NUMSCNUMNUM STR  ,['Item']
349,STR STR CHRCHRCHRCHRCHRCHRCHRCHRCHRCHR NUMSCNUMQSPNUMSCNUM NUM STR QSMX NUMSCNUMNUM CURRENCY NUMSCNUMNUM STR  ,['Item']
350,STR STR NUMSFSNUMQSP ALPHANUM NUM STR QSMX NUMSCNUMNUM CURRENCY NUMSCNUMNUM STR  ,['Item']
351,STR STR STR STR NUMNUMQSP ALPHANUM NUM STR QSMX NUMSCNUMNUM CURRENCY NUMSCNUMNUM CURRENCY STR  ,['Item']
352,STR CHRCHRCHRCHR STR STR ALPHANUM NUM STR QSMX NUMSCNUMNUM CURRENCY NUMSCNUMNUM STR  ,['Item']
353,STR STR STR ALPHANUM NUM STR QSMX NUMSCNUMNUM CURRENCY NUMSCNUMNUM STR  ,['Item']
354,STR NUMSCNUMNUMNUM CHR QSMX NUMSCNUMNUM CHRCHRCHRQSSCHR NUMSCNUMNUM STR  ,['Item']
355,STR CHR STR NUMSCNUMNUMNUM CHR QSMX NUMSCNUMNUM CHRCHRCHRQSSCHR NUMSCNUMNUM STR  ,['Item']
356,STR CHRQSSNUMNUMSHNUMNUMCHR NUMSCNUMNUMNUM CHR QSMX NUMSCNUMNUM CHRCHRCHRQSSCHR NUMSCNUMNUM STR  ,['Item']
357,STR STR CHRCHRCHRCHR STR CHR NUMSCNUMNUMNUM CHR QSMX NUMSCNUMNUM CHRCHRCHRQSSCHR NUMSCNUMNUM STR CHRCHRCHRSFS SHNUMSCNUMNUM STR STR NUMSCNUMNUM  ,['Item']
358,STR STR CHRCHRCHRCHR STR CHR NUM CHR QSMX NUMSCNUMNUM CHRCHRCHRQSSCHR NUMSCNUMNUM NUM CHRCHRCHRSFS SHNUMSCNUMNUM STR STR NUMSCNUMNUM  ,['Item']
359,STR STR CHRCHRCHRCHRCHRCHRCHRCHRCHR NUMSCNUMQSP NUMSCNUMCHR NUM STR QSMX NUMSCNUMNUM CURRENCY NUMSCNUMNUM STR  ,['Item']
360,STR STR NUM STR QSMX NUMSCNUMNUM CURRENCY NUMSCNUMNUM STR  ,['Item']
361,STR CHRCHRCHRCHR STR STR ALPHANUM STR NUM STR QSMX NUMSCNUMNUM CURRENCY NUMSCNUMNUM STR  ,['Item']
362,STR STR ALPHANUM NUM STR QSMX NUMSCNUMNUM CURRENCY NUMSCNUMNUM STR  ,['Item']
363,STR CHRCHRCHRCHR STR STR ALPHANUM NUM STR QSMX NUMSCNUMNUM CURRENCY NUMSCNUMNUM STR  ,['Item']
364,STR NUMQSSNUMNUMSHNUMNUMCHR NUMSCNUMNUMNUM CHR QSMX NUMSCNUMNUM CHRCHRCHRQSSCHR NUM STR  ,['Item']
365,STR STR STR STR ALPHANUM NUM STR QSMX  NUMSCNUMNUM CURRENCY NUMSCNUMNUM STR  ,['Item']
366,STR STR STR STR STR STR ALPHANUM NUM STR QSMX NUM CURRENCY NUMSFSNUM STR NUMSCNUMNUM  ,['Item']
367,STR STR STR STR ALPHANUM NUM STR QSMX NUMSCNUMNUM CURRENCY NUMSFSNUM STR ,['Item']
368,"CHRCHRCHRSFS CHRCHRCHRCHRCHRCHRSCO CHRCHRCHRSC CHRSFS STR STR NUM STR STR CHRCHRCHRCHR STR SPSCHRCHRCHRSPE 	",['receipt_address']
369,"STR STR STR STR NUM STR CHRCHRCHRSFS STR CHRCHRCHRSC CHRCHRSFS NUM CHRCHRCHRSCO SPSNUMNUMNUMSPE NUMNUMSHCHRNUMNUMNUM 	",['receipt_address']
370,"STR STR NUM STR STR STR STR STR CHRCHRCHRCHRCHRSC STR NUM SPSCHRNUMNUMSPE NUMNUMNUMSHNUMNUMNUMNUM 	",['receipt_address']
371,"STR STR STR NUM STR CHRCHRCHRSFS STR CHRCHRCHRSC CHRCHRSFS NUM CHRCHRCHRSCO SPSNUMNUMNUMSPE NUMNUMNUMSHNUMNUMNUMNUM 	",['receipt_address']
372,"STR STR STR NUM NUMQSSNUM STR STR STR STR STR STR NUM 	",['receipt_address']
373,"STR STR NUM STR STR CHRCHRCHRCHRCHRCHRCHRSC STR NUM NUMNUMNUMSHNUMNUMNUMSHNUMNUMNUMNUM 	",['receipt_address']
374,"STR STR STR STR NUM STR STR STR CHRCHRCHRCHRCHRCHRCHRCHRCHRCHRSC STR NUM 	",['receipt_address']
375,"NUM STR STR STR STR NUMNUMNUMSHNUMNUMNUMSHNUMNUMNUMNUM 	",['receipt_address']
376,"NUM STR STR STR STR STR STR NUM CHRCHRCHRSCO NUM NUMSFSNUM STR NUMSFSNUMSFSNUM 	",['receipt_address']
377,"STR STR STR NUMSFSNUM STR STR STR CHRCHRCHRCHRCHRCHRCHRCHRSC STR NUM STR SPSNUMNUMNUMSPENUMNUMNUMSHNUMNUMNUMNUM 	",['receipt_address']
378,"STR STR STR NUM STR STR STR STR NUM CHRCHRCHRSFS NUMNUMNUMSHNUMNUMNUMSHNUMNUMNUMNUM CHRCHRSFS NUMNUMNUMSHNUMNUMNUMSHNUMNUMNUMNUM 	",['receipt_address']
379,"STR STR STR NUM STR STR CHRCHRCHRQSMXCHRCHRCHRCHRCHRCHRSC STR NUM NUM NUM 	",['receipt_address']
380,"STR STR NUM STR STR STR STR CHRCHRCHRCHRCHRSC STR NUM SPSNUMNUMNUMSPE NUMNUMNUMSHNUMNUMNUMNUM 	",['receipt_address']
381,"NUM STR STR CHRCHRCHRCHRCHRCHRSC STR NUM SPSNUMNUMNUMSPE NUMNUMNUMSHNUMNUMNUMNUM 	",['receipt_address']
382,"STR  STR NUM STR STR CHRCHRCHRCHRCHRCHRSC STR NUM STR STR STR NUMNUMNUMSHNUMNUMNUMSHNUMNUMNUMNUM 	",['receipt_address']
383,"STR STR STR STR NUM STR STR STR CHRCHRCHRSC STR NUM SPSNUMNUMNUMSPE NUMNUMNUMSHNUMNUMNUMNUM 	",['receipt_address']
384,"NUM STR STR CHRCHRCHRSC SPSNUMNUMNUMSPE NUMNUMNUMSHNUMNUMNUMNUM STR SFSCHRCHRCHRCHRCHRCHRCHRCHRCHR SFSCHRCHRCHR 	",['receipt_address']
385,"NUM STR STR CHRCHRCHRCHRCHRCHRCHRSC STR NUM SPSNUMNUMNUMSPE NUMNUMNUMSHNUMNUMNUMNUM 	",['receipt_address']
386,"CHRCHRCHRCHRCHRCHRCHRSC STR STR NUMNUMNUMSHNUMNUMNUMSHNUMNUMNUMNUM 	",['receipt_address']
387,"STR STR CHRCHRCHRNUM NUMNUMSHNUMNUMNUMNUM STR CHRCHRCHRCHRCHRCHRCHRSC STR NUM CHRCHRCHRCHRCHRCHRCHRSC STR NUM SPSNUMNUMNUMSPE NUMNUMNUMSHNUMNUMNUMNUM 	",['receipt_address']
388,"STR STR NUM STR STR STR CHRCHRCHRCHRCHRCHRSC STR NUM 	",['receipt_address']
389,"STR CHRCHRCHR NUM STR STR NUMNUMSC NUM STR CHRCHRCHRCHRCHRCHRSC STR NUM NUMNUMSCONUMNUM STR SPSNUMNUMNUMSPE NUMNUMNUMSHNUMNUMNUMNUM 	",['receipt_address']
390,"STR CHR STR NUM STR STR NUM STR STR NUM SPSNUMNUMNUMNUM 	",['receipt_address']
391,"STR STR STR NUM STR STR CHRCHRCHRCHRCHRCHRCHRCHRSC STR NUM 	",['receipt_address']
392,"NUMNUMNUMSHNUMNUM STR STR STR CHRCHRCHRCHRSC STR NUM CHRCHRCHRSCO NUMNUMNUMSFSNUMNUMNUMSHNUMNUMNUMNUM 	",['receipt_address']
393,"STR CHRCHRCHRCHRCHR STR NUM STR STR CHRCHRCHRCHRCHRCHRCHRCHRCHRCHRSC STR NUM SPSNUMNUMNUMSPENUMNUMNUMSHNUMNUMNUMNUM 	",['receipt_address']
394,"STR STR STR NUM STR CHRCHRCHRSFS CHRCHRCHRCHRCHRCHRCHRCHRSC STR NUM SPSNUMNUMNUMSPE NUMNUMNUMSHNUMNUMNUMNUM 	",['receipt_address']
395,"STR NUM STR STR STR CHRCHRCHRCHRSC STR NUM 	",['receipt_address']
396,"STR STR STR NUM ALPHANUM STR CHRCHRCHRCHRCHRCHRCHRSC STR NUM NUMNUMNUMSHNUMNUMNUMSHNUMNUMNUMNUM 	",['receipt_address']
397,"NUM STR CHRCHRCHRCHRSFS STR STR NUM NUMNUMNUMSHNUMNUMNUMSHNUMNUMNUMNUM 	",['receipt_address']
398,"NUM STR STR STR NUM NUM STR NUMSCONUMNUMCHRCHR STR CHRCHRCHRCHRCHRCHRSC STR 	",['receipt_address']
399,"STR STR  STR NUM STR STR STR CHRCHRSFS STR CHRCHRCHRCHRSC STR NUM SPSNUMNUMNUMSPE NUMNUMNUMSHNUMNUMNUMNUM 	",['receipt_address']
400,"NUM STR CHRCHRCHRSFS STR CHRCHRCHRCHRSFS CHRNUMNUMNUMNUMNUM 	",['receipt_address']
401,"NUM STR STR STR CHRCHRCHRCHRSC STR NUM SPSNUMNUMNUMSPE NUMNUMNUMSHNUMNUMNUMNUM SPSNUMNUMNUMSPE NUMNUMNUMSHNUMNUMNUMNUM SPSCHRCHRSPE 	",['receipt_address']
402,"STR STR NUM STR STR STR CHRCHRCHRCHRCHRCHRCHRSC STR NUM NUM 	",['receipt_address']
403,"NUM STR STR STR STR STR STR NUM CHRCHRCHRCHRCHRSCO NUM CHRCHRCHRCHRSCO NUMNUMNUMSHNUMNUMNUMSHNUMNUMNUMNUM 	",['receipt_address']
404,"NUM STR NUM NUM STR STR CHRCHRSFS CHRCHRCHRCHRCHRCHRCHRSC STR NUM NUMNUMNUMSHNUMNUMNUMSHNUMNUMNUMNUM 	",['receipt_address']
405,"STR STR ALPHANUM CURRENCYNUMSFSNUM 	",['receipt_address']
406,"STR CURRENCYNUMSFSNUM ALPHANUM CURRENCYNUMSFSNUM 	",['receipt_address']
407,"STR STR NUM STR NUM STR STR CHRCHRCHRCHRCHRCHRCHRCHRSC STR NUM NUM CHRCHRCHRCHRCHRSCOQSSQSSCHRCHRCHRSFSCHRCHRCHRCHRCHRNUMCHRCHRCHRCHRSFSCHRCHRCHR 	",['receipt_address']
408,"STR STR NUM STR STR STR CHRCHRCHRCHRCHRSC STR NUM CHRCHRCHRSCO NUMNUMNUMSHNUMNUMNUMSHNUMNUMNUMNUM 	",['receipt_address']
409,"NUM STR STR STR CHRCHRCHRCHRCHRCHRCHRCHRCHRSC STR NUM SPSNUMNUMNUMSPE NUMNUMNUMSHNUMNUMNUMNUM CHRCHRCHRCHRCHRCHRCHRCHRCHRCHRCHRSFSCHRCHRCHR 	",['receipt_address']
410,"CHRCHRCHRCHRCHRCHRCHR STR NUMQSSNUMSHNUMNUMSC STR CHRCHRCHRCHRCHRCHRSC CHRCHRSC CHRCHRSHNUMNUMNUMNUM 	",['receipt_address']
411,"CHRCHRCHRCHRCHRCHR STR STR CHRCHRCHRCHRCHRCHRCHR NUMNUMSC STR CHRCHRCHRCHRCHRCHRSC CHRCHRSC CHRCHRSHNUMNUMNUMNUM 	",['receipt_address']
412,"CHRCHRCHRCHRCHR STR NUMSC STR CHRCHRCHRCHRCHRCHRSC CHRCHRSC CHRCHRSHNUMNUMNUMNUM 	",['receipt_address']
413,"CHRCHRCHRCHR STR STR NUMNUMSC STR CHRCHRCHRCHRCHRCHRCHRCHRCHRCHRCHRSC CHRCHRSC CHRCHRSHNUMNUMNUMNUM 	",['receipt_address']
414,"CHRCHRCHRCHRCHRCHR STR NUMNUMCHRSC STR CHRCHRCHRCHRCHRCHRCHRCHRCHRCHRCHRSC CHRCHRSC CHRCHRSHNUMNUMNUMNUM 	",['receipt_address']
415,"STR STR NUMNUMNUMCHRSC STR CHRCHRCHRCHRCHRCHRCHRCHRCHRCHRCHRSC CHRCHRSC CHRCHRSHNUMNUMNUMNUM 	",['receipt_address']
416,"STR STR NUMNUMNUMCHRSC STR CHRCHRCHRCHRCHRCHRCHRCHRCHRCHRCHRSC CHRCHRSC CHRCHRSHNUMNUMNUMNUM 	",['receipt_address']
417,"STR STR NUMSC STR CHRCHRCHRCHRCHRCHRSC CHRCHRSC CHRCHRSHNUMNUMNUMNUM 	",['receipt_address']
418,"CHRCHRCHRCHRCHRCHRCHR CHRCHRSFS NUMNUMNUMCHRSC STR CHRCHRCHRCHRCHRCHRCHRCHRCHRCHRCHRSC CHRCHRSC CHRCHRSHNUMNUMNUMNUM 	",['receipt_address']
419,"CHRCHRCHRCHRCHRCHR STR NUMNUMNUMCHRSC STR CHRCHRCHRCHRCHRCHRCHRCHRCHRCHRCHRSC CHRCHRSC CHRCHRSHNUMNUMNUMNUM 	",['receipt_address']
420,"STR STR NUMNUMSC STR CHRCHRCHRCHRCHRCHRCHRCHRCHRCHRCHRSC CHRCHRSC CHRCHRSHNUMNUMNUMNUM 	",['receipt_address']
421,"STR STR NUMSC STR CHRCHRCHRCHRCHRCHRCHRCHRCHRCHRCHRSC CHRCHRSC CHRCHRSHNUMNUMNUMNUM 	",['receipt_address']
422,"CHRCHRCHR CHRCHRCHRCHRCHR STR NUMNUMCHRSC STR CHRCHRCHRCHRCHRCHRCHRCHRCHRCHRCHRSC CHRCHRSC CHRCHRSHNUMNUMNUMNUM 	",['receipt_address']
423,"STR STR NUMNUMSC STR CHRCHRCHRCHRCHRCHRCHRCHRCHRCHRCHRSC CHRCHRSC CHRCHRSHNUMNUMNUMNUM 	",['receipt_address']
424,"CHRCHRCHRCHRCHRCHR CHRCHRCHRCHRCHRCHRCHR NUMSC CHRCHRCHRCHRCHRCHRSC CHRCHRSHNUMNUMNUMNUM 	",['receipt_address']
425,"CHRCHRCHRCHRCHRCHR STR NUMNUMSC STR CHRCHRCHRCHRCHRCHRSC CHRCHRSC CHRCHRSHNUMNUMNUMNUM 	",['receipt_address']
426,"CHRCHRCHRCHRCHR STR STR NUMNUMSC STR CHRCHRCHRCHRCHRCHRSC CHRCHRSC CHRCHRSHNUMNUMNUMNUM 	",['receipt_address']
427,"CHRCHRCHRCHRCHRCHR STR NUMNUMSC STR CHRCHRCHRCHRCHRCHRSC CHRCHRSC CHRCHRSHNUMNUMNUMNUM 	",['receipt_address']
428,"CHRCHRCHRCHRCHR STR NUMSHNUMSC STR CHRCHRCHRCHRCHRCHRSC CHRCHRSC CHRCHRSHNUMNUMNUMNUM 	",['receipt_address']
429,"STR STR NUMSC STR CHRCHRCHRCHRCHRCHRCHRCHRCHRCHRCHRSC CHRCHRSC CHRCHRSHNUMNUMNUMNUM 	",['receipt_address']
430,"STR STR NUMSC STR CHRCHRCHRCHRCHRCHRSC CHRCHRSC CHRCHRSHNUMNUMNUMNUM 	",['receipt_address']
431,"CHRCHRCHR STR NUMNUMQSSNUMNUMSC STR CHRCHRCHRCHRCHRCHRSC CHRCHRSC CHRCHRSHNUMNUMNUMNUM 	",['receipt_address']
432,"CHR STR NUMSC STR CHRCHRCHRCHRCHRCHRSC CHRCHRSC CHRCHRSHNUMNUMNUMNUM 	",['receipt_address']
433,"CHRCHRCHRCHRCHR STR NUMSC STR CHRCHRCHRCHRCHRCHRCHRCHRCHRCHRCHRSC CHRCHRSC CHRCHRSHNUMNUMNUMNUM 	",['receipt_address']
434,"STR STR NUMSC STR CHRCHRCHRCHRCHRCHRCHRCHRCHRCHRCHRSC CHRCHRSC CHRCHRSHNUMNUMNUMNUM 	",['receipt_address']
435,"STR STR NUMNUMSC STR CHRCHRCHRCHRCHRCHRCHRCHRCHRCHRCHRSC CHRCHRSC CHRCHRSHNUMNUMNUMNUM 	",['receipt_address']
436,"CHRCHRCHRCHRCHR STR NUMSC STR CHRCHRCHRCHRCHRCHRSC CHRCHRSC CHRCHRSHNUMNUMNUMNUM 	",['receipt_address']
437,"CHRSC STR STR STR NUMNUMNUMSC CHRCHRSC CHRCHRSHNUMNUMNUMNUM 	",['receipt_address']
438,"CHRCHRCHRCHRCHRCHR STR NUMNUMNUMSC STR CHRCHRCHRCHRCHRCHRCHRCHRCHRCHRCHRSC CHRCHRSC CHRCHRSHNUMNUMNUMNUM 	",['receipt_address']
439,"CHRCHRCHRCHRCHRCHRCHRCHR STR NUMNUMSC STR CHRCHRCHRCHRCHRCHRCHRCHRCHRCHRCHRSC CHRCHRSC CHRCHRSHNUMNUMNUMNUM 	",['receipt_address']
440,"CHRCHRCHR CHRCHRCHRCHRCHRCHR NUMSC STR CHRCHRCHRCHRCHRCHRCHRCHRCHRCHRCHRSC CHRCHRSC CHRCHRSHNUMNUMNUMNUM 	",['receipt_address']
441,"STR STR STR NUMNUMSC STR CHRCHRCHRCHRCHRCHRCHRCHRCHRCHRCHRSC CHRCHRSC CHRCHRSHNUMNUMNUMNUM 	",['receipt_address']
442,"CHRCHRCHRCHRCHRCHRCHR CHRCHRSFS NUMNUMSC STR CHRCHRCHRCHRCHRCHRCHRCHRCHRCHRCHRSC CHRCHRSC CHRCHRSHNUMNUMNUMNUM 	",['receipt_address']
443,"CHRCHRCHRCHRCHRCHR STR NUMNUMNUMSC STR CHRCHRCHRCHRCHRCHRCHRCHRCHRCHRCHRSC CHRCHRSC CHRCHRSHNUMNUMNUMNUM 	",['receipt_address']
444,"CHRCHRCHRCHRCHRCHR STR NUMNUMNUMSC STR CHRCHRCHRCHRCHRCHRCHRCHRCHRCHRCHRSC CHRCHRSC CHRCHRSHNUMNUMNUMNUM 	",['receipt_address']
445,"STR STR NUMNUMSC STR CHRCHRCHRCHRCHRCHRSC CHRCHRSC CHRCHRSHNUMNUMNUMNUM 	",['receipt_address']
446,"CHRCHRCHRCHRCHR STR NUMNUMSHNUMNUMNUMSC STR CHRCHRCHRCHRCHRCHRSC CHRCHRSC CHRCHRSHNUMNUMNUMNUM 	",['receipt_address']
447,"CHRCHRCHRCHRCHR STR NUMSHNUMNUMNUMSC STR CHRCHRCHRCHRCHRCHRCHRCHRCHRCHRCHRSC CHRCHRSC CHRCHRSHNUMNUMNUMNUM 	",['receipt_address']
448,"STR STR NUMNUMSHNUMNUMNUMSC STR CHRCHRCHRCHRCHRCHRCHRCHRCHRCHRCHRSC CHRCHRSC CHRCHRSHNUMNUMNUMNUM 	",['receipt_address']
449,"CHRCHRCHRCHRCHRCHR STR NUMNUMNUMSHNUMNUMNUMSC STR CHRCHRCHRCHRCHRCHRCHRCHRCHRCHRCHRSC CHRCHRSC CHRCHRSHNUMNUMNUMNUM 	",['receipt_address']
450,"CHRCHRCHRCHRCHRCHRCHRCHR CHRCHRCHRCHRCHRCHRCHRCHRSC CHRCHRCHRCHRCHRCHRCHRCHR STR NUMNUMSC STR CHRCHRCHRCHRCHRCHRCHRCHRCHRCHRCHRSC CHRCHRSC CHRCHRSHNUMNUMNUMNUM 	",['receipt_address']
451,"STR STR NUMNUMSHNUMNUMNUMSC STR CHRCHRCHRCHRCHRCHRCHRCHRCHRCHRCHRSC CHRCHRSC CHRCHRSHNUMNUMNUMNUM 	",['receipt_address']
452,"CHRCHRCHRCHRCHRCHRCHRCHR STR NUMNUMSC STR CHRCHRCHRCHRCHRCHRCHRCHRCHRCHRCHRSC CHRCHRSC CHRCHRSHNUMNUMNUMNUM 	",['receipt_address']
453,"STR STR NUMSC STR STR CHRCHRSFSSC STR CHRCHRCHRSFSSC CHRCHRSHNUMNUMNUMNUM 	",['receipt_address']
454,"STR STR NUMSC STR STR CHRCHRSFS SC STR CHRCHRCHRSFSSC CHRCHRSHNUMNUMNUMNUM 	",['receipt_address']
455,"STR CHRCHRCHRCHRCHRCHRSCO STR STR STR NUMSCCHRCHRCHRCHRCHRCHRCHRSC STR CHRCHRCHRCHRCHRCHRSC CHRCHRCHRCHRCHRCHRCHRCHRCHRCHRCHRCHR CHRCHRSHNUMNUMNUMNUM 	",['receipt_address']
456,"CHRCHRCHRSFS CHRCHRCHRCHRCHRCHRSCO CHRCHRCHRSC CHRSFS STR STR NUM STR STR CHRCHRCHRCHR STR SPSCHRCHRCHRSPE 	",['receipt_address']
457,STR STR CHRCHRCHRCHRCHRCHRSCO ALPHANUM      ,['receipt_number']
458,CHRCHRCHRCHRCHR NUM ,['receipt_number']
459,STR SCO NUM ,['receipt_number']
460,STR  NUM ,['receipt_number']
461,STR NUM ,['receipt_number']
462,STR NUMNUMNUMNUMQSSNUM ,['receipt_number']
463,CHRCHRCHRCHRCHR NUM ,['receipt_number']
464,CHRCHRCHRCHRCHR NUM      ,['receipt_number']
465,STR SCO NUM ,['receipt_number']
466,STR SCO NUM ,['receipt_number']
467,STR NUMNUMNUMNUM ,['receipt_number']
468,STR STR STR ALPHANUM ,['receipt_number']
469,STR STR STR ALPHANUM ,['receipt_number']
470,CHRCHRCHRCHRSCO NUM CHRQSSCHRSCO NUM ,['receipt_number']
471,STR STR CHRCHRCHRCHRCHRCHRSCO ALPHANUM ,['receipt_number']
472,CHRCHRCHRSFS CHRCHRSFSSCO NUMNUMNUMQSSNUMNUMNUMNUMNUM STR NUM ,['receipt_number']
473,"CHRCHRCHRCHRCHRSFS CURRENCYNUMSFSNUM 	",['receipt_total']
474,"CHRCHRCHRCHRCHRSCO CURRENCYNUMSFSNUM 	",['receipt_total']
475,"STR CHRCHRCHRCHRCHRSCO NUMSFSNUM 	",['receipt_total']
476,"CHRCHRCHRCHRCHRCHRCHRCHRSCO CURRENCYNUMSFSNUM 	",['receipt_total']
477,"STR NUM NUM CURRENCY 	",['receipt_total']
478,"CHRCHRCHRSHCHRCHRCHRCHRCHRSCO SFSNUM 	",['receipt_total']
479,"STR NUMSFSNUM 	",['receipt_total']
480,"CHRCHRCHRCHRCHRSCO CURRENCYNUMSFSNUM 	",['receipt_total']
481,"STR STR STR QSMSNUMNUMSFSNUMNUM 	",['receipt_total']
482,"CHRCHRCHRCHRCHRSCO CURRENCYNUMSFSNUM 	",['receipt_total']
483,"STR NUMSFSNUM 	",['receipt_total']
484,"CHRCHRCHRCHRCHRSCO NUMSFSNUM 	",['receipt_total']
485,"STR CURRENCYNUMSFSNUM 	",['receipt_total']
486,"CHRCHRCHRSHCHRCHRCHRCHRCHR NUMSFSNUM 	",['receipt_total']
487,"STR NUMSFSNUM 	",['receipt_total']
488,"STR CURRENCYNUMSFSNUM 	",['receipt_total']
489,"STR STR CURRENCYNUMSFSNUM 	",['receipt_total']
490,"STR STR  CURRENCYNUMSFSNUM 	",['receipt_total']
491,"CHRCHRCHRCHRCHRSCO STR STR NUMSFSNUM 	",['receipt_total']
492,"STR NUMSFSNUM 	",['receipt_total']
493,"CHRCHRCHRCHRCHRSCO CURRENCYNUMSFSNUM 	",['receipt_total']
494,"CHRCHRCHRCHRCHRSCO CURRENCYNUMSFSNUM 	",['receipt_total']
495,"STR NUMSFSNUM 	",['receipt_total']
496,"STR NUMSFSNUM 	",['receipt_total']
497,"CHRCHRCHRCHRCHRSCO CURRENCYNUM SFSNUM 	",['receipt_total']
498,"CHRCHRCHRCHRCHRSCO CURRENCYNUMSFS NUM 	",['receipt_total']
499,"CHRCHRCHRCHRCHRSCO CURRENCYNUMSFSNUM 	",['receipt_total']
500,"STR STR NUMSFSNUM 	",['receipt_total']
501,"STR NUMSFSNUM 	",['receipt_total']
502,"STR CURRENCY NUMSFSNUM CURRENCY 	",['receipt_total']
503,"CHRCHRCHRCHRCHRSCO NUMSFSNUM CURRENCY 	",['receipt_total']
504,"STR CURRENCY NUMSFSNUM	",['receipt_total']
